# Geometria TEORICA del dodecaedro multi-marker
# IDs: [181, 182, 183, 184, 185, 186, 187, 188, 189, 190, 191]
# Arista del dodecaedro: 20.0 mm
# Tamano del marker: 16.0 mm
# Radio inscrito: 22.2703 mm
# Convencion esquinas (OpenCV ArUco): c0=TL c1=TR c2=BR c3=BL
# Convencion fisica: label apunta hacia +Z (hacia la punta)
# Formato: tag_id  cx cy cz  c0x c0y c0z  c1x c1y c1z  c2x c2y c2z  c3x c3y c3z
#
181     +0.000    +0.000   +22.270    -8.000    +8.000   +22.270    +8.000    +8.000   +22.270    +8.000    -8.000   +22.270    -8.000    -8.000   +22.270
182    +19.919    +0.000    +9.960   +16.341    -8.000   +17.115   +16.341    +8.000   +17.115   +23.497    +8.000    +2.804   +23.497    -8.000    +2.804
183     +6.155   +18.944    +9.960   +12.658   +13.070   +17.115    -2.559   +18.014   +17.115    -0.348   +24.819    +2.804   +14.869   +19.875    +2.804
184    -16.115   +11.708    +9.960    -8.518   +16.077   +17.115   -17.923    +3.133   +17.115   -23.712    +7.339    +2.804   -14.307   +20.283    +2.804
185    -16.115   -11.708    +9.960   -17.923    -3.133   +17.115    -8.518   -16.077   +17.115   -14.307   -20.283    +2.804   -23.712    -7.339    +2.804
186     +6.155   -18.944    +9.960    -2.559   -18.014   +17.115   +12.658   -13.070   +17.115   +14.869   -19.875    +2.804    -0.348   -24.819    +2.804
187    +16.115   +11.708    -9.960   +23.712    +7.339    -2.804   +14.307   +20.283    -2.804    +8.518   +16.077   -17.115   +17.923    +3.133   -17.115
188     -6.155   +18.944    -9.960    +0.348   +24.819    -2.804   -14.869   +19.875    -2.804   -12.658   +13.070   -17.115    +2.559   +18.014   -17.115
189    -19.919    +0.000    -9.960   -23.497    +8.000    -2.804   -23.497    -8.000    -2.804   -16.341    -8.000   -17.115   -16.341    +8.000   -17.115
190     -6.155   -18.944    -9.960   -14.869   -19.875    -2.804    +0.348   -24.819    -2.804    +2.559   -18.014   -17.115   -12.658   -13.070   -17.115
191    +16.115   -11.708    -9.960   +14.307   -20.283    -2.804   +23.712    -7.339    -2.804   +17.923    -3.133   -17.115    +8.518   -16.077   -17.115
