# Geometria de dodecaedro regular para SciKit-SurgeryBARD
# Arista: 20.0 mm | Marcadores: 16.0 mm
# Diccionario: DICT_ARUCO_MIP_36h12
# Sistema de coordenadas: origen en centro del dodecaedro
#   BASE (-Z) = cara pegada al tornillo (NO visible)
#   TOP (+Z)  = cara opuesta a base
# Formato: tag_id  cx cy cz  c0x c0y c0z  c1x c1y c1z  c2x c2y c2z  c3x c3y c3z
# Convencion esquinas: c0=top-left c1=top-right c2=bottom-right c3=bottom-left
#
# Cara BASE excluida (no tiene marcador visible)
151     +0.000    +0.000   +22.270    -8.000    +8.000   +22.270    +8.000    +8.000   +22.270    +8.000    -8.000   +22.270    -8.000    -8.000   +22.270
152    +19.919    +0.000    +9.960   +16.341    -8.000   +17.115   +16.341    +8.000   +17.115   +23.497    +8.000    +2.804   +23.497    -8.000    +2.804
153     +6.155   +18.944    +9.960   +12.658   +13.070   +17.115    -2.559   +18.014   +17.115    -0.348   +24.819    +2.804   +14.869   +19.875    +2.804
154    -16.115   +11.708    +9.960    -8.518   +16.077   +17.115   -17.923    +3.133   +17.115   -23.712    +7.339    +2.804   -14.307   +20.283    +2.804
155    -16.115   -11.708    +9.960   -17.923    -3.133   +17.115    -8.518   -16.077   +17.115   -14.307   -20.283    +2.804   -23.712    -7.339    +2.804
156     +6.155   -18.944    +9.960    -2.559   -18.014   +17.115   +12.658   -13.070   +17.115   +14.869   -19.875    +2.804    -0.348   -24.819    +2.804
157    +16.115   +11.708    -9.960   +23.712    +7.339    -2.804   +14.307   +20.283    -2.804    +8.518   +16.077   -17.115   +17.923    +3.133   -17.115
158     -6.155   +18.944    -9.960    +0.348   +24.819    -2.804   -14.869   +19.875    -2.804   -12.658   +13.070   -17.115    +2.559   +18.014   -17.115
159    -19.919    +0.000    -9.960   -23.497    +8.000    -2.804   -23.497    -8.000    -2.804   -16.341    -8.000   -17.115   -16.341    +8.000   -17.115
160     -6.155   -18.944    -9.960   -14.869   -19.875    -2.804    +0.348   -24.819    -2.804    +2.559   -18.014   -17.115   -12.658   -13.070   -17.115
161    +16.115   -11.708    -9.960   +14.307   -20.283    -2.804   +23.712    -7.339    -2.804   +17.923    -3.133   -17.115    +8.518   -16.077   -17.115