# Geometria TEORICA del dodecaedro multi-marker
# IDs: [170, 171, 172, 173, 174, 175, 176, 177, 178, 179, 180]
# Arista del dodecaedro: 17.5 mm
# Tamano del marker: 13.4 mm
# Radio inscrito: 19.4865 mm
# Convencion esquinas (OpenCV ArUco): c0=TL c1=TR c2=BR c3=BL
# Convencion fisica: label apunta hacia +Z (hacia la punta)
# Formato: tag_id  cx cy cz  c0x c0y c0z  c1x c1y c1z  c2x c2y c2z  c3x c3y c3z
#
170     +0.000    +0.000   +19.487    -6.700    +6.700   +19.487    +6.700    +6.700   +19.487    +6.700    -6.700   +19.487    -6.700    -6.700   +19.487
171    +17.429    +0.000    +8.715   +14.433    -6.700   +14.707   +14.433    +6.700   +14.707   +20.426    +6.700    +2.722   +20.426    -6.700    +2.722
172     +5.386   +16.576    +8.715   +10.832   +11.656   +14.707    -1.912   +15.797   +14.707    -0.060   +21.496    +2.722   +12.684   +17.356    +2.722
173    -14.101   +10.245    +8.715    -7.738   +13.904   +14.707   -15.615    +3.063   +14.707   -20.463    +6.585    +2.722   -12.587   +17.426    +2.722
174    -14.101   -10.245    +8.715   -15.615    -3.063   +14.707    -7.738   -13.904   +14.707   -12.587   -17.426    +2.722   -20.463    -6.585    +2.722
175     +5.386   -16.576    +8.715    -1.912   -15.797   +14.707   +10.832   -11.656   +14.707   +12.684   -17.356    +2.722    -0.060   -21.496    +2.722
176    +14.101   +10.245    -8.715   +20.463    +6.585    -2.722   +12.587   +17.426    -2.722    +7.738   +13.904   -14.707   +15.615    +3.063   -14.707
177     -5.386   +16.576    -8.715    +0.060   +21.496    -2.722   -12.684   +17.356    -2.722   -10.832   +11.656   -14.707    +1.912   +15.797   -14.707
178    -17.429    +0.000    -8.715   -20.426    +6.700    -2.722   -20.426    -6.700    -2.722   -14.433    -6.700   -14.707   -14.433    +6.700   -14.707
179     -5.386   -16.576    -8.715   -12.684   -17.356    -2.722    +0.060   -21.496    -2.722    +1.912   -15.797   -14.707   -10.832   -11.656   -14.707
180    +14.101   -10.245    -8.715   +12.587   -17.426    -2.722   +20.463    -6.585    -2.722   +15.615    -3.063   -14.707    +7.738   -13.904   -14.707
