# Geometria dodecaedro v2 (IDs 3-13) - esquinas con giro POR MARKER segun fisica.
# TOP (3): roll 0.  Laterales (4-13): roll 2 (180deg). Punto rojo abajo-derecha.
# Derivado de reference_dodecaedro_v2_real.txt (orden de anillos validado por topologia).
# Formato: tag_id  cx cy cz  c0..c3 (OpenCV TL,TR,BR,BL ya rotadas)
#
  3     +0.000    +0.000   +22.270    -7.300    +7.300   +22.270    +7.300    +7.300   +22.270    +7.300    -7.300   +22.270    -7.300    -7.300   +22.270
  4    +19.919    +0.000    +9.960   +23.184    +7.300    +3.430   +23.184    -7.300    +3.430   +16.655    -7.300   +16.489   +16.655    +7.300   +16.489
  5     +6.155   +18.944    +9.960    +0.221   +24.305    +3.430   +14.107   +19.793    +3.430   +12.089   +13.584   +16.489    -1.796   +18.095   +16.489
  6    -16.115   +11.708    +9.960   -23.047    +7.721    +3.430   -14.465   +19.533    +3.430    -9.183   +15.695   +16.489   -17.765    +3.883   +16.489
  7    -16.115   -11.708    +9.960   -14.465   -19.533    +3.430   -23.047    -7.721    +3.430   -17.765    -3.883   +16.489    -9.183   -15.695   +16.489
  8     +6.155   -18.944    +9.960   +14.107   -19.793    +3.430    +0.221   -24.305    +3.430    -1.796   -18.095   +16.489   +12.089   -13.584   +16.489
  9    +16.115   +11.708    -9.960    +9.183   +15.695   -16.489   +17.765    +3.883   -16.489   +23.047    +7.721    -3.430   +14.465   +19.533    -3.430
 10     -6.155   +18.944    -9.960   -12.089   +13.584   -16.489    +1.796   +18.095   -16.489    -0.221   +24.305    -3.430   -14.107   +19.793    -3.430
 11    -19.919    +0.000    -9.960   -16.655    -7.300   -16.489   -16.655    +7.300   -16.489   -23.184    +7.300    -3.430   -23.184    -7.300    -3.430
 12     -6.155   -18.944    -9.960    +1.796   -18.095   -16.489   -12.089   -13.584   -16.489   -14.107   -19.793    -3.430    -0.221   -24.305    -3.430
 13    +16.115   -11.708    -9.960   +17.765    -3.883   -16.489    +9.183   -15.695   -16.489   +14.465   -19.533    -3.430   +23.047    -7.721    -3.430
