# Geometria REAL del dodecaedro (calibracion topologica - Etapa C.5)
# Mapeo de IDs fisicos a posiciones canonicas:
#   TOP: 3
#   Anillo superior (az 0,72,144,216,288): [4, 5, 6, 7, 8]
#   Anillo inferior (az 36,108,180,252,324): [9, 10, 11, 12, 13]
# Arista: 20.0 mm, Marker: 14.6 mm
# Pares medidos: 46
# Convencion esquinas (OpenCV ArUco): c0=TL c1=TR c2=BR c3=BL
# Formato: tag_id  cx cy cz  c0..c3
#
  3     +0.000    +0.000   +22.270    -7.300    +7.300   +22.270    +7.300    +7.300   +22.270    +7.300    -7.300   +22.270    -7.300    -7.300   +22.270
  4    +19.919    +0.000    +9.960   +16.655    -7.300   +16.489   +16.655    +7.300   +16.489   +23.184    +7.300    +3.430   +23.184    -7.300    +3.430
  5     +6.155   +18.944    +9.960   +12.089   +13.584   +16.489    -1.796   +18.095   +16.489    +0.221   +24.305    +3.430   +14.107   +19.793    +3.430
  6    -16.115   +11.708    +9.960    -9.183   +15.695   +16.489   -17.765    +3.883   +16.489   -23.047    +7.721    +3.430   -14.465   +19.533    +3.430
  7    -16.115   -11.708    +9.960   -17.765    -3.883   +16.489    -9.183   -15.695   +16.489   -14.465   -19.533    +3.430   -23.047    -7.721    +3.430
  8     +6.155   -18.944    +9.960    -1.796   -18.095   +16.489   +12.089   -13.584   +16.489   +14.107   -19.793    +3.430    +0.221   -24.305    +3.430
  9    +16.115   +11.708    -9.960   +23.047    +7.721    -3.430   +14.465   +19.533    -3.430    +9.183   +15.695   -16.489   +17.765    +3.883   -16.489
 10     -6.155   +18.944    -9.960    -0.221   +24.305    -3.430   -14.107   +19.793    -3.430   -12.089   +13.584   -16.489    +1.796   +18.095   -16.489
 11    -19.919    +0.000    -9.960   -23.184    +7.300    -3.430   -23.184    -7.300    -3.430   -16.655    -7.300   -16.489   -16.655    +7.300   -16.489
 12     -6.155   -18.944    -9.960   -14.107   -19.793    -3.430    -0.221   -24.305    -3.430    +1.796   -18.095   -16.489   -12.089   -13.584   -16.489
 13    +16.115   -11.708    -9.960   +14.465   -19.533    -3.430   +23.047    -7.721    -3.430   +17.765    -3.883   -16.489    +9.183   -15.695   -16.489
