# Geometria TEORICA con TOPOLOGIA REAL del dodecaedro iter 4 (IDs 170-180)
# Generado 2026-06-11. Ambos anillos rotados vs convencion teorica:
#   superior +2 posiciones, inferior +3 (relativo +1 confirmado por adyacencias)
#   mapeo posicion_teo->id_real: 171->173 172->174 173->175 174->171 175->172 176->179 177->180 178->176 179->177 180->178
# Validado vs captura_ba_femtobolt.npz: RMSE reproyeccion multi-marker 3.3 px
#   (teorico original: 21.4 px). Usar como semilla del BA.
# Formato: tag_id  cx cy cz  c0x c0y c0z  c1x c1y c1z  c2x c2y c2z  c3x c3y c3z
#
170      +0.000     +0.000    +19.487     -6.700     +6.700    +19.487     +6.700     +6.700    +19.487     +6.700     -6.700    +19.487     -6.700     -6.700    +19.487
171     -14.101    -10.245     +8.715    -15.615     -3.063    +14.707     -7.738    -13.904    +14.707    -12.587    -17.426     +2.722    -20.463     -6.585     +2.722
172      +5.386    -16.576     +8.715     -1.912    -15.797    +14.707    +10.832    -11.656    +14.707    +12.684    -17.356     +2.722     -0.060    -21.496     +2.722
173     +17.429     +0.000     +8.715    +14.433     -6.700    +14.707    +14.433     +6.700    +14.707    +20.426     +6.700     +2.722    +20.426     -6.700     +2.722
174      +5.386    +16.576     +8.715    +10.832    +11.656    +14.707     -1.912    +15.797    +14.707     -0.060    +21.496     +2.722    +12.684    +17.356     +2.722
175     -14.101    +10.245     +8.715     -7.738    +13.904    +14.707    -15.615     +3.063    +14.707    -20.463     +6.585     +2.722    -12.587    +17.426     +2.722
176     -17.429     +0.000     -8.715    -20.426     +6.700     -2.722    -20.426     -6.700     -2.722    -14.433     -6.700    -14.707    -14.433     +6.700    -14.707
177      -5.386    -16.576     -8.715    -12.684    -17.356     -2.722     +0.060    -21.496     -2.722     +1.912    -15.797    -14.707    -10.832    -11.656    -14.707
178     +14.101    -10.245     -8.715    +12.587    -17.426     -2.722    +20.463     -6.585     -2.722    +15.615     -3.063    -14.707     +7.738    -13.904    -14.707
179     +14.101    +10.245     -8.715    +20.463     +6.585     -2.722    +12.587    +17.426     -2.722     +7.738    +13.904    -14.707    +15.615     +3.063    -14.707
180      -5.386    +16.576     -8.715     +0.060    +21.496     -2.722    -12.684    +17.356     -2.722    -10.832    +11.656    -14.707     +1.912    +15.797    -14.707
