# Geometria CALIBRADA del dodecaedro (auto-calibracion BA)
# RMSE de reproyeccion final: 0.6115 pixeles
# Frames usados: 300
# Marcador ancla (fijo): ID 151
# Formato: tag_id  cx cy cz  c0x c0y c0z  c1x c1y c1z  c2x c2y c2z  c3x c3y c3z
#
151     +0.000    +0.000   +22.270    -8.000    +8.000   +22.270    +8.000    +8.000   +22.270    +8.000    -8.000   +22.270    -8.000    -8.000   +22.270
152    +17.833    -5.141   +11.363   +11.749   -11.926   +18.519   +16.547    +3.659   +18.743   +23.876    +1.654    +4.244   +19.159   -13.953    +3.946
153    +10.996   +16.200    +9.512   +14.969    +8.594   +16.957    +2.036   +18.081   +16.288    +7.066   +23.847    +2.063   +19.913   +14.277    +2.739
154    -12.476   +16.318    +9.246    -3.981   +17.886   +16.681   -16.893    +8.373   +16.112   -21.037   +14.833    +1.905    -7.992   +24.179    +2.287
155    -19.313    -5.894    +9.463   -18.389    +2.890   +16.868   -13.215   -12.514   +16.606   -20.302   -14.681    +2.099   -25.345    +0.730    +2.278
156     -0.099   -20.057    +8.815    -7.816   -16.247   +16.431    +8.341   -16.418   +15.721    +7.632   -23.956    +1.217    -8.554   -23.606    +1.889
157    +11.619   -15.623    -8.236    +7.210   -23.666    -0.830   +20.428   -13.878    -0.745   +16.220    -7.531   -15.506    +2.619   -17.419   -15.861
158    +18.335    +6.840    -8.163   +24.630    +0.825    -0.516   +19.111   +16.123    -1.192   +11.953   +13.079   -15.894   +17.648    -2.666   -15.047
159     -0.514   +19.832    -9.075    +7.303   +23.752    -1.279    -9.396   +23.206    -2.113    -8.571   +15.803   -16.933    +8.607   +16.567   -15.973
160    -19.315    +5.065    -9.183   -20.615   +13.962    -1.603   -25.426    -1.636    -1.732   -18.010    -3.993   -16.637   -13.208   +11.925   -16.759
161    -11.826   -15.517    -8.829   -20.452   -14.205    -1.097    -6.629   -23.385    -1.878    -3.225   -16.934   -16.469   -16.998    -7.543   -15.873
