{
  "name": "TOOL_DODECAHEDRON",
  "marker_size": 35.0,
  "markers": [
    {
      "id": 1,
      "T_body_marker": [
        [
          -0.30901699437494745,
          0.9510565162951536,
          0.0,
          0.0
        ],
        [
          0.5000000000000001,
          0.1624598481164532,
          0.8506508083520399,
          47.360679774997905
        ],
        [
          0.8090169943749473,
          0.2628655560595668,
          -0.5257311121191337,
          -29.270509831248425
        ],
        [
          0.0,
          0.0,
          0.0,
          1.0
        ]
      ]
    },
    {
      "id": 2,
      "T_body_marker": [
        [
          0.30901699437494745,
          0.9510565162951536,
          -0.0,
          0.0
        ],
        [
          -0.5000000000000001,
          0.1624598481164532,
          0.8506508083520399,
          47.360679774997905
        ],
        [
          0.8090169943749473,
          -0.2628655560595668,
          0.5257311121191337,
          29.270509831248425
        ],
        [
          0.0,
          0.0,
          0.0,
          1.0
        ]
      ]
    },
    {
      "id": 3,
      "T_body_marker": [
        [
          -0.30901699437494756,
          0.42532540417601994,
          -0.8506508083520399,
          -47.360679774997905
        ],
        [
          -0.5000000000000001,
          0.6881909602355867,
          0.5257311121191337,
          29.270509831248425
        ],
        [
          0.8090169943749475,
          0.5877852522924732,
          0.0,
          0.0
        ],
        [
          0.0,
          0.0,
          0.0,
          1.0
        ]
      ]
    },
    {
      "id": 4,
      "T_body_marker": [
        [
          0.0,
          0.5257311121191337,
          0.8506508083520399,
          47.360679774997905
        ],
        [
          0.0,
          -0.8506508083520399,
          0.5257311121191337,
          29.270509831248425
        ],
        [
          1.0,
          0.0,
          -0.0,
          0.0
        ],
        [
          0.0,
          0.0,
          0.0,
          1.0
        ]
      ]
    },
    {
      "id": 5,
      "T_body_marker": [
        [
          0.0,
          0.85065080835204,
          -0.5257311121191335,
          -29.270509831248425
        ],
        [
          1.0,
          0.0,
          0.0,
          0.0
        ],
        [
          0.0,
          -0.5257311121191335,
          -0.85065080835204,
          -47.360679774997905
        ],
        [
          0.0,
          0.0,
          0.0,
          1.0
        ]
      ]
    },
    {
      "id": 6,
      "T_body_marker": [
        [
          0.0,
          0.85065080835204,
          -0.5257311121191335,
          -29.270509831248425
        ],
        [
          -1.0,
          0.0,
          -0.0,
          0.0
        ],
        [
          -0.0,
          0.5257311121191335,
          0.85065080835204,
          47.360679774997905
        ],
        [
          0.0,
          0.0,
          0.0,
          1.0
        ]
      ]
    },
    {
      "id": 7,
      "T_body_marker": [
        [
          -0.5,
          0.6881909602355868,
          0.5257311121191335,
          29.270509831248425
        ],
        [
          0.8090169943749475,
          0.5877852522924731,
          -0.0,
          0.0
        ],
        [
          -0.30901699437494734,
          0.4253254041760199,
          -0.85065080835204,
          -47.360679774997905
        ],
        [
          0.0,
          0.0,
          0.0,
          1.0
        ]
      ]
    },
    {
      "id": 8,
      "T_body_marker": [
        [
          0.5,
          0.6881909602355868,
          0.5257311121191335,
          29.270509831248425
        ],
        [
          -0.8090169943749475,
          0.5877852522924731,
          -0.0,
          0.0
        ],
        [
          -0.30901699437494734,
          -0.4253254041760199,
          0.85065080835204,
          47.360679774997905
        ],
        [
          0.0,
          0.0,
          0.0,
          1.0
        ]
      ]
    },
    {
      "id": 9,
      "T_body_marker": [
        [
          0.30901699437494756,
          0.42532540417601994,
          -0.8506508083520399,
          -47.360679774997905
        ],
        [
          -0.5000000000000001,
          -0.6881909602355867,
          -0.5257311121191337,
          -29.270509831248425
        ],
        [
          -0.8090169943749475,
          0.5877852522924732,
          0.0,
          0.0
        ],
        [
          0.0,
          0.0,
          0.0,
          1.0
        ]
      ]
    },
    {
      "id": 10,
      "T_body_marker": [
        [
          0.0,
          0.5257311121191337,
          0.8506508083520399,
          47.360679774997905
        ],
        [
          -0.0,
          0.8506508083520399,
          -0.5257311121191337,
          -29.270509831248425
        ],
        [
          -1.0,
          0.0,
          0.0,
          0.0
        ],
        [
          0.0,
          0.0,
          0.0,
          1.0
        ]
      ]
    },
    {
      "id": 11,
      "T_body_marker": [
        [
          0.30901699437494745,
          0.9510565162951536,
          0.0,
          0.0
        ],
        [
          0.5000000000000001,
          -0.1624598481164532,
          -0.8506508083520399,
          -47.360679774997905
        ],
        [
          -0.8090169943749473,
          0.2628655560595668,
          -0.5257311121191337,
          -29.270509831248425
        ],
        [
          0.0,
          0.0,
          0.0,
          1.0
        ]
      ]
    },
    {
      "id": 12,
      "T_body_marker": [
        [
          -0.30901699437494745,
          0.9510565162951536,
          0.0,
          0.0
        ],
        [
          -0.5000000000000001,
          -0.1624598481164532,
          -0.8506508083520399,
          -47.360679774997905
        ],
        [
          -0.8090169943749473,
          -0.2628655560595668,
          0.5257311121191337,
          29.270509831248425
        ],
        [
          0.0,
          0.0,
          0.0,
          1.0
        ]
      ]
    }
  ]
}